200
1) [ 2 1 24 3 4 24 6 10 0 7 5 26 9 12 27 17 0 15 18 20 25 14 16 0 21 19 13 22 11 8 -1 -1 -1 -1 -1 -1 -1 -1 ] [ 496 ] [ 0 0 ] # -0 # 0 - 
2) [ 10 6 24 3 4 24 1 2 0 7 5 26 9 12 27 17 0 15 18 20 25 14 16 0 21 19 13 22 11 8 -1 -1 -1 -1 -1 -1 -1 -1 ] [ 496 ] [ 0 0 ] # -0 # 0 - 
3) [ 2 1 24 3 4 24 6 10 0 7 5 26 9 12 27 17 0 15 18 20 25 14 16 0 21 19 13 22 11 8 -1 -1 -1 -1 -1 -1 -1 -1 ] [ 496 ] [ 0 0 ] # -0 # 0 - 
4) [ 10 6 24 3 4 24 1 2 0 7 5 26 9 12 27 17 0 15 18 20 25 14 16 0 21 19 13 22 11 8 -1 -1 -1 -1 -1 -1 -1 -1 ] [ 496 ] [ 0 0 ] # -0 # 0 - 
5) [ 10 6 24 4 3 24 1 2 0 7 5 26 9 12 27 17 0 15 18 20 25 14 16 0 21 19 13 22 11 8 -1 -1 -1 -1 -1 -1 -1 -1 ] [ 496 ] [ 0 0 ] # -0 # 0 - 
6) [ 10 6 24 3 4 24 1 2 0 7 5 26 9 12 27 17 0 15 18 20 25 14 16 0 21 19 13 22 11 8 -1 -1 -1 -1 -1 -1 -1 -1 ] [ 496 ] [ 0 0 ] # -0 # 0 - 
7) [ 10 6 24 4 3 24 1 2 0 7 5 26 9 12 27 17 0 15 18 20 25 14 16 0 21 19 13 22 11 8 -1 -1 -1 -1 -1 -1 -1 -1 ] [ 496 ] [ 0 0 ] # -0 # 0 - 
8) [ 2 1 24 3 4 24 6 10 0 7 5 26 9 12 27 17 0 15 18 20 25 14 16 0 21 19 13 22 11 8 -1 -1 -1 -1 -1 -1 -1 -1 ] [ 496 ] [ 0 0 ] # -0 # 0 - 
9) [ 2 1 24 3 4 24 6 10 0 7 5 26 9 12 27 17 0 15 18 20 25 14 16 0 21 19 13 22 11 8 -1 -1 -1 -1 -1 -1 -1 -1 ] [ 496 ] [ 0 0 ] # -0 # 0 - 
10) [ 4 3 24 2 1 24 6 10 0 7 5 26 9 12 27 17 0 15 18 20 25 14 16 0 21 19 13 22 11 8 -1 -1 -1 -1 -1 -1 -1 -1 ] [ 506 ] [ 0 0 ] # -0 # 0 - 
11) [ 2 1 24 3 4 24 6 10 0 5 7 26 9 12 27 17 0 15 18 20 25 14 16 0 21 19 13 22 8 11 -1 -1 -1 -1 -1 -1 -1 -1 ] [ 510 ] [ 0 0 ] # -0 # 0 - 
12) [ 2 1 24 3 4 24 6 10 0 5 7 26 9 12 27 17 0 15 18 20 25 14 16 0 21 19 13 22 8 11 -1 -1 -1 -1 -1 -1 -1 -1 ] [ 510 ] [ 0 0 ] # -0 # 0 - 
13) [ 10 6 24 3 4 24 1 2 0 7 5 26 9 17 27 12 0 15 18 20 25 14 16 0 21 19 13 22 11 8 -1 -1 -1 -1 -1 -1 -1 -1 ] [ 511 ] [ 0 0 ] # -0 # 0 - 
14) [ 3 4 24 2 1 24 6 10 0 12 9 26 5 7 27 17 0 20 18 15 25 14 16 0 21 19 13 22 11 8 -1 -1 -1 -1 -1 -1 -1 -1 ] [ 514 ] [ 0 0 ] # -0 # 0 - 
15) [ 2 1 24 3 4 24 6 11 0 7 5 26 9 12 27 17 0 15 18 20 25 16 14 0 21 19 13 22 10 8 -1 -1 -1 -1 -1 -1 -1 -1 ] [ 519 ] [ 0 0 ] # -0 # 0 - 
16) [ 12 10 24 3 4 24 1 2 0 7 5 26 6 9 27 17 0 15 18 20 25 14 16 0 21 19 13 22 11 8 -1 -1 -1 -1 -1 -1 -1 -1 ] [ 519 ] [ 0 0 ] # -0 # 0 - 
17) [ 4 3 24 2 1 24 6 10 0 7 5 26 9 12 27 17 0 16 14 15 25 18 20 0 21 19 13 22 11 8 -1 -1 -1 -1 -1 -1 -1 -1 ] [ 523 ] [ 0 0 ] # -0 # 0 - 
18) [ 10 6 24 4 3 24 1 12 0 9 7 26 2 5 27 20 0 17 18 15 25 14 16 0 19 21 13 22 11 8 -1 -1 -1 -1 -1 -1 -1 -1 ] [ 534 ] [ 0 0 ] # -0 # 0 - 
19) [ 3 4 24 10 6 24 1 2 0 5 7 26 9 12 27 17 0 20 18 15 25 14 16 0 21 19 13 22 11 8 -1 -1 -1 -1 -1 -1 -1 -1 ] [ 537 ] [ 0 0 ] # -0 # 0 - 
20) [ 4 3 24 6 10 24 1 2 0 7 5 26 9 12 27 17 0 15 20 18 25 14 16 0 21 19 13 22 11 8 -1 -1 -1 -1 -1 -1 -1 -1 ] [ 537 ] [ 0 0 ] # -0 # 0 - 
21) [ 4 3 24 1 6 24 2 10 0 5 7 26 9 12 27 17 0 20 18 15 25 14 16 0 21 19 13 22 11 8 -1 -1 -1 -1 -1 -1 -1 -1 ] [ 537 ] [ 0 0 ] # -0 # 0 - 
22) [ 3 4 24 1 2 24 10 6 0 12 9 26 5 7 27 17 0 20 18 15 25 14 16 0 21 19 13 22 11 8 -1 -1 -1 -1 -1 -1 -1 -1 ] [ 538 ] [ 0 0 ] # -0 # 0 - 
23) [ 11 3 24 4 6 24 1 2 0 12 9 26 5 7 27 17 0 15 20 18 25 16 14 0 21 19 13 22 8 10 -1 -1 -1 -1 -1 -1 -1 -1 ] [ 538 ] [ 0 0 ] # -0 # 0 - 
24) [ 10 6 24 4 3 24 1 2 0 7 5 26 17 20 27 14 0 16 9 12 25 18 15 0 21 19 13 22 11 8 -1 -1 -1 -1 -1 -1 -1 -1 ] [ 538 ] [ 0 0 ] # -0 # 0 - 
25) [ 6 3 24 2 1 24 4 11 0 5 7 26 9 12 27 17 0 15 18 20 25 16 14 0 19 21 13 22 10 8 -1 -1 -1 -1 -1 -1 -1 -1 ] [ 540 ] [ 0 0 ] # -0 # 0 - 
26) [ 11 4 24 1 2 24 3 6 0 9 5 26 7 12 27 17 0 16 14 15 25 20 18 0 21 19 13 22 8 10 -1 -1 -1 -1 -1 -1 -1 -1 ] [ 543 ] [ 0 0 ] # -0 # 0 - 
27) [ 10 8 24 4 3 24 1 11 0 7 5 26 9 12 27 17 0 15 18 20 25 14 16 0 21 19 13 22 6 2 -1 -1 -1 -1 -1 -1 -1 -1 ] [ 546 ] [ 0 0 ] # -0 # 0 - 
28) [ 10 11 24 4 3 24 1 8 0 7 5 26 9 12 27 17 0 15 18 20 25 14 16 0 21 19 13 22 6 2 -1 -1 -1 -1 -1 -1 -1 -1 ] [ 553 ] [ 0 0 ] # -0 # 0 - 
29) [ 3 4 24 1 2 24 11 10 0 9 6 26 5 7 27 17 0 15 20 18 25 16 14 0 21 19 13 22 8 12 -1 -1 -1 -1 -1 -1 -1 -1 ] [ 558 ] [ 0 0 ] # -0 # 0 - 
30) [ 2 1 24 6 3 24 11 10 0 12 7 26 5 9 27 17 0 15 18 20 25 14 16 0 19 21 13 22 4 8 -1 -1 -1 -1 -1 -1 -1 -1 ] [ 564 ] [ 0 0 ] # -0 # 0 - 
31) [ 2 1 24 3 4 24 6 10 0 12 9 26 5 17 27 7 0 20 18 15 25 16 14 0 21 19 13 22 11 8 -1 -1 -1 -1 -1 -1 -1 -1 ] [ 564 ] [ 0 0 ] # -0 # 0 - 
32) [ 17 15 18 27 20 14 8 24 2 28 0 16 19 13 22 0 6 1 5 7 26 10 23 21 0 11 4 24 3 9 26 12 -1 -1 -1 -1 -1 -1 ] [ 631 ] [ 0 0 ] # -0 # 0 - 
33) [ 16 14 25 11 24 3 4 24 0 6 1 2 28 10 27 20 21 0 12 15 18 27 19 0 9 7 5 28 13 27 17 26 8 -1 -1 -1 -1 -1 ] [ 644 ] [ 0 0 ] # -0 # 0 - 
34) [ 15 17 18 27 20 14 8 24 2 28 0 16 13 19 22 0 11 6 5 7 26 10 23 21 0 12 4 24 3 1 26 9 -1 -1 -1 -1 -1 -1 ] [ 652 ] [ 0 0 ] # -0 # 0 - 
35) [ 14 21 15 25 12 7 2 28 6 8 3 24 0 19 17 18 27 9 10 0 1 4 24 11 13 0 20 16 26 5 -1 -1 -1 -1 -1 -1 -1 -1 ] [ 662 ] [ 0 0 ] # -0 # 0 - 
36) [ 17 20 27 10 2 1 28 8 0 15 16 13 22 12 14 0 19 21 23 4 11 22 0 9 18 27 6 24 3 7 5 -1 -1 -1 -1 -1 -1 -1 ] [ 681 ] [ 0 0 ] # -0 # 0 - 
37) [ 9 15 18 27 20 14 3 24 2 28 0 16 19 13 22 0 6 1 5 7 26 10 23 21 0 11 4 24 8 12 26 17 -1 -1 -1 -1 -1 -1 ] [ 696 ] [ 0 0 ] # -0 # 0 - 
38) [ 13 12 25 16 14 0 15 9 24 4 2 28 19 23 0 3 24 18 27 20 21 23 17 7 26 0 6 11 22 10 8 24 1 5 -1 -1 -1 -1 ] [ 738 ] [ 0 0 ] # -0 # 0 - 
39) [ 13 11 14 25 2 1 26 4 0 15 9 7 26 5 6 8 24 21 23 0 10 3 28 16 23 19 24 0 12 18 20 17 -1 -1 -1 -1 -1 -1 ] [ 749 ] [ 0 0 ] # -0 # 0 - 
40) [ 6 8 11 3 24 15 17 14 25 10 0 13 19 12 25 21 23 0 4 1 2 28 20 18 27 0 7 5 9 16 -1 -1 -1 -1 -1 -1 -1 -1 ] [ 674 ] [ 0 0 ] # -0 # 0 - 
41) [ 21 17 27 9 28 10 25 2 1 3 24 0 16 18 27 4 24 6 8 25 15 0 7 5 26 19 0 12 20 14 13 22 11 -1 -1 -1 -1 -1 ] [ 767 ] [ 0 0 ] # -0 # 0 - 
42) [ 9 5 2 28 1 6 24 3 28 0 14 13 22 11 8 7 26 12 15 0 4 24 21 23 19 26 17 0 10 26 18 27 20 24 16 -1 -1 -1 ] [ 787 ] [ 0 0 ] # -0 # 0 - 
43) [ 5 7 2 28 1 3 24 6 28 0 21 13 22 11 4 8 26 15 14 0 10 24 19 23 17 26 12 0 9 26 18 27 20 24 16 -1 -1 -1 ] [ 792 ] [ 0 0 ] # -0 # 0 - 
44) [ 7 5 2 28 1 6 24 3 28 0 14 17 22 11 10 9 26 12 15 0 4 24 19 23 21 26 13 0 16 26 20 27 18 24 8 -1 -1 -1 ] [ 796 ] [ 0 0 ] # -0 # 0 - 
45) [ 7 5 2 28 1 3 24 6 28 0 21 13 22 11 4 8 26 18 14 0 10 24 19 23 17 26 12 0 9 26 15 27 20 24 16 -1 -1 -1 ] [ 797 ] [ 0 0 ] # -0 # 0 - 
46) [ 7 2 5 28 1 3 24 6 28 0 21 13 22 11 4 8 26 15 14 0 10 24 19 23 17 26 12 0 9 26 18 27 20 24 16 -1 -1 -1 ] [ 798 ] [ 0 0 ] # -0 # 0 - 
47) [ 12 14 19 23 8 24 6 27 13 24 0 15 27 4 3 26 10 11 22 0 7 26 21 23 9 5 2 1 28 0 18 20 27 17 16 -1 -1 -1 ] [ 807 ] [ 0 0 ] # -0 # 0 - 
48) [ 11 8 5 28 2 1 24 3 28 0 18 17 22 13 10 6 26 12 14 0 4 24 19 23 21 26 9 0 7 26 15 27 20 24 16 -1 -1 -1 ] [ 814 ] [ 0 0 ] # -0 # 0 - 
49) [ 7 5 2 28 1 3 24 6 28 0 17 21 22 11 4 8 26 13 14 0 10 24 19 23 18 26 15 0 12 26 9 27 20 24 16 -1 -1 -1 ] [ 816 ] [ 0 0 ] # -0 # 0 - 
50) [ 18 20 21 23 16 14 22 0 15 19 23 9 7 28 2 6 0 4 3 24 13 27 10 26 17 27 0 11 8 26 12 27 5 28 1 -1 -1 -1 ] [ 823 ] [ 0 0 ] # -0 # 0 - 
51) [ 11 8 1 28 2 5 24 3 28 0 15 12 22 13 10 6 26 17 14 0 4 24 19 23 21 26 9 0 7 26 18 27 20 24 16 -1 -1 -1 ] [ 836 ] [ 0 0 ] # -0 # 0 - 
52) [ 21 18 27 10 28 1 25 2 6 3 24 0 9 17 27 4 24 8 15 25 16 0 5 7 26 19 0 12 14 20 13 22 11 -1 -1 -1 -1 -1 ] [ 845 ] [ 0 0 ] # -0 # 0 - 
53) [ 17 18 21 23 16 14 22 0 15 19 23 9 7 28 2 6 0 4 3 24 13 27 10 26 20 27 0 11 8 26 5 27 12 28 1 -1 -1 -1 ] [ 848 ] [ 0 0 ] # -0 # 0 - 
54) [ 7 5 2 28 1 3 24 6 28 0 21 11 22 13 4 8 26 9 14 0 17 24 19 23 20 26 10 0 12 26 15 27 18 24 16 -1 -1 -1 ] [ 849 ] [ 0 0 ] # -0 # 0 - 
55) [ 6 5 2 28 7 1 24 3 28 0 14 17 22 12 13 10 26 9 15 0 4 24 21 23 19 26 11 0 8 26 20 27 18 24 16 -1 -1 -1 ] [ 873 ] [ 0 0 ] # -0 # 0 - 
56) [ 21 17 25 10 24 13 23 15 9 26 7 0 3 24 19 16 25 14 0 2 28 5 27 18 26 20 27 0 11 8 6 26 1 4 25 12 -1 -1 ] [ 887 ] [ 0 0 ] # -0 # 0 - 
57) [ 11 13 25 6 24 8 23 21 17 26 10 0 16 24 1 5 25 14 0 2 28 19 27 18 26 20 27 0 12 7 9 26 3 4 25 15 -1 -1 ] [ 888 ] [ 0 0 ] # -0 # 0 - 
58) [ 1 8 24 2 3 24 20 27 7 26 21 0 14 10 9 16 25 19 0 6 5 15 25 17 13 0 4 11 22 18 12 -1 -1 -1 -1 -1 -1 -1 ] [ 844 ] [ 0 0 ] # -0 # 0 - 
59) [ 15 21 19 14 25 12 0 6 7 11 22 17 16 0 10 4 2 28 18 27 8 24 20 27 0 5 13 22 1 9 26 3 -1 -1 -1 -1 -1 -1 ] [ 836 ] [ 0 0 ] # -0 # 0 - 
60) [ 10 12 21 20 27 1 28 8 0 9 4 6 26 7 15 11 22 3 0 5 26 19 17 27 0 2 28 18 16 25 13 14 -1 -1 -1 -1 -1 -1 ] [ 841 ] [ 0 0 ] # -0 # 0 - 
61) [ 10 7 12 23 16 17 22 0 21 19 23 13 2 28 9 14 0 4 3 24 6 27 15 26 20 27 0 11 8 26 18 27 1 28 5 -1 -1 -1 ] [ 892 ] [ 0 0 ] # -0 # 0 - 
62) [ 21 18 25 4 24 11 23 15 10 26 8 0 3 24 19 16 25 14 0 2 28 5 27 20 26 17 27 0 12 9 7 26 1 6 25 13 -1 -1 ] [ 901 ] [ 0 0 ] # -0 # 0 - 
63) [ 21 18 25 4 24 11 23 17 8 26 10 0 3 24 19 16 25 14 0 2 28 5 27 20 26 12 27 0 15 9 7 26 1 6 25 13 -1 -1 ] [ 902 ] [ 0 0 ] # -0 # 0 - 
64) [ 11 1 28 14 18 27 8 5 26 0 19 20 27 6 12 25 0 2 4 24 10 13 17 21 23 0 15 16 9 26 3 7 -1 -1 -1 -1 -1 -1 ] [ 831 ] [ 0 0 ] # -0 # 0 - 
65) [ 16 1 28 13 3 24 14 0 15 18 12 17 27 8 11 0 4 7 9 26 6 19 0 20 27 2 5 26 10 21 -1 -1 -1 -1 -1 -1 -1 -1 ] [ 827 ] [ 0 0 ] # -0 # 0 - 
66) [ 8 13 12 14 25 5 0 11 3 1 28 20 21 23 0 4 24 18 27 2 28 15 16 0 17 7 6 26 19 23 9 10 -1 -1 -1 -1 -1 -1 ] [ 909 ] [ 0 0 ] # -0 # 0 - 
67) [ 3 1 28 14 10 26 21 23 12 2 28 0 13 20 18 27 9 4 24 8 0 6 7 5 26 19 0 15 17 11 22 16 -1 -1 -1 -1 -1 -1 ] [ 837 ] [ 0 0 ] # -0 # 0 - 
68) [ 18 12 6 26 3 5 26 14 0 20 8 24 19 13 22 0 11 17 27 10 1 2 28 21 23 0 7 4 24 16 9 26 15 -1 -1 -1 -1 -1 ] [ 915 ] [ 0 0 ] # -0 # 0 - 
69) [ 2 8 10 26 4 9 26 16 0 3 14 25 11 15 25 19 0 20 18 13 22 12 21 23 0 1 5 7 6 26 17 -1 -1 -1 -1 -1 -1 -1 ] [ 835 ] [ 0 0 ] # -0 # 0 - 
70) [ 21 17 25 15 24 11 23 10 1 26 9 0 8 24 19 14 25 16 0 5 28 2 27 20 26 18 27 0 12 7 6 26 4 3 25 13 -1 -1 ] [ 932 ] [ 0 0 ] # -0 # 0 - 
71) [ 2 10 26 14 5 26 3 4 24 0 21 20 27 11 7 26 8 15 0 19 13 17 27 18 0 12 16 9 6 26 1 -1 -1 -1 -1 -1 -1 -1 ] [ 764 ] [ 0 0 ] # -0 # 0 - 
72) [ 14 15 25 11 24 21 23 7 9 26 2 0 8 24 19 17 25 16 0 1 28 5 27 20 26 18 27 0 12 10 4 26 6 3 25 13 -1 -1 ] [ 936 ] [ 0 0 ] # -0 # 0 - 
73) [ 12 14 19 23 3 24 17 27 8 24 0 20 27 4 6 26 15 13 22 0 5 26 21 23 10 7 2 1 28 0 9 18 27 11 16 -1 -1 -1 ] [ 947 ] [ 0 0 ] # -0 # 0 - 
74) [ 18 21 23 1 28 12 10 4 24 0 13 14 20 16 25 0 5 2 28 15 25 3 24 17 27 6 8 0 11 9 7 26 19 -1 -1 -1 -1 -1 ] [ 874 ] [ 0 0 ] # -0 # 0 - 
75) [ 6 7 16 25 4 2 28 9 0 20 12 25 19 0 17 11 3 24 18 15 25 21 8 24 0 5 14 25 1 10 26 13 -1 -1 -1 -1 -1 -1 ] [ 926 ] [ 0 0 ] # -0 # 0 - 
76) [ 21 23 1 28 16 13 22 6 0 4 10 26 18 19 23 0 7 2 11 22 3 12 25 8 15 0 17 9 5 26 20 14 -1 -1 -1 -1 -1 -1 ] [ 913 ] [ 0 0 ] # -0 # 0 - 
77) [ 13 19 23 6 26 15 21 23 0 5 11 22 12 10 0 16 2 1 28 17 27 8 3 24 0 20 9 26 14 18 27 4 24 7 -1 -1 -1 -1 ] [ 931 ] [ 0 0 ] # -0 # 0 - 
78) [ 8 10 21 23 3 24 19 14 25 0 5 4 24 20 27 9 0 7 17 27 1 28 18 27 2 28 11 0 16 15 6 26 13 12 -1 -1 -1 -1 ] [ 1037 ] [ 0 0 ] # -0 # 0 - 
79) [ 16 8 1 28 10 5 0 3 24 21 23 6 12 25 11 4 24 0 20 18 27 2 28 14 15 25 13 0 17 9 7 26 19 -1 -1 -1 -1 -1 ] [ 905 ] [ 0 0 ] # -0 # 0 - 
80) [ 8 7 3 24 10 21 23 5 26 15 0 2 28 17 14 25 19 12 25 0 1 28 18 27 4 24 16 0 11 20 27 9 13 22 6 -1 -1 -1 ] [ 1019 ] [ 0 0 ] # -0 # 0 - 
81) [ 20 18 21 23 1 28 8 17 27 0 4 7 5 26 13 0 16 19 11 22 0 15 9 3 24 10 12 14 6 26 2 -1 -1 -1 -1 -1 -1 -1 ] [ 765 ] [ 0 0 ] # -0 # 0 - 
82) [ 16 7 26 19 14 25 0 21 13 22 4 17 27 2 28 8 0 5 6 26 20 27 10 15 0 12 3 24 18 27 9 11 22 1 -1 -1 -1 -1 ] [ 992 ] [ 0 0 ] # -0 # 0 - 
83) [ 12 21 18 20 27 17 8 0 6 13 22 1 5 2 28 0 11 7 10 26 19 23 9 0 16 15 14 25 3 4 -1 -1 -1 -1 -1 -1 -1 -1 ] [ 762 ] [ 0 0 ] # -0 # 0 - 
84) [ 10 12 11 6 26 16 0 2 9 26 17 27 1 28 20 27 0 4 7 5 26 18 21 23 0 14 8 3 24 15 19 23 13 -1 -1 -1 -1 -1 ] [ 879 ] [ 0 0 ] # -0 # 0 - 
85) [ 6 18 27 21 12 14 25 2 28 13 8 24 0 19 17 27 3 4 24 0 9 15 16 25 10 1 7 26 0 20 11 22 5 -1 -1 -1 -1 -1 ] [ 901 ] [ 0 0 ] # -0 # 0 - 
86) [ 16 19 11 22 0 14 2 6 26 15 18 27 3 8 24 21 17 27 0 13 1 28 12 20 27 0 10 9 4 24 7 5 -1 -1 -1 -1 -1 -1 ] [ 794 ] [ 0 0 ] # -0 # 0 - 
87) [ 7 3 6 26 14 21 16 25 15 0 5 11 22 17 8 24 4 0 10 18 27 13 19 23 2 28 0 20 9 26 1 12 -1 -1 -1 -1 -1 -1 ] [ 881 ] [ 0 0 ] # -0 # 0 - 
88) [ 7 18 27 14 10 2 28 19 23 0 6 12 25 4 8 24 15 25 1 28 21 23 0 9 5 26 20 27 3 24 0 13 11 17 16 -1 -1 -1 ] [ 991 ] [ 0 0 ] # -0 # 0 - 
89) [ 7 16 25 3 24 14 4 24 0 15 12 2 28 20 27 9 10 0 13 19 17 27 11 0 6 8 1 28 18 27 5 26 21 -1 -1 -1 -1 -1 ] [ 967 ] [ 0 0 ] # -0 # 0 - 
90) [ 4 9 26 8 13 19 0 18 5 26 20 27 6 26 0 15 2 28 16 21 23 11 14 25 0 7 10 12 25 3 1 28 17 -1 -1 -1 -1 -1 ] [ 928 ] [ 0 0 ] # -0 # 0 - 
91) [ 6 13 22 9 5 4 24 14 0 8 16 19 23 1 28 0 15 18 27 2 7 26 3 11 22 0 20 10 26 21 23 12 17 -1 -1 -1 -1 -1 ] [ 888 ] [ 0 0 ] # -0 # 0 - 
92) [ 5 16 25 2 6 26 0 19 11 22 21 23 1 28 0 17 3 24 20 27 8 13 22 18 0 15 12 9 14 25 4 7 26 10 -1 -1 -1 -1 ] [ 1001 ] [ 0 0 ] # -0 # 0 - 
93) [ 16 10 13 14 25 4 0 5 3 24 15 6 26 12 0 18 17 27 1 28 8 9 20 27 0 2 28 21 23 11 19 23 7 -1 -1 -1 -1 -1 ] [ 976 ] [ 0 0 ] # -0 # 0 - 
94) [ 4 1 3 24 5 0 11 14 6 26 19 17 27 0 7 18 27 13 10 16 25 0 21 23 2 28 8 20 27 9 15 12 -1 -1 -1 -1 -1 -1 ] [ 877 ] [ 0 0 ] # -0 # 0 - 
95) [ 13 15 18 27 4 24 12 0 2 28 17 14 25 7 3 24 5 8 0 11 21 19 23 6 10 0 16 20 9 26 1 -1 -1 -1 -1 -1 -1 -1 ] [ 842 ] [ 0 0 ] # -0 # 0 - 
96) [ 19 12 25 3 24 18 14 25 0 20 8 24 15 17 27 1 28 21 23 0 11 13 9 26 16 10 0 6 7 4 24 5 2 -1 -1 -1 -1 -1 ] [ 968 ] [ 0 0 ] # -0 # 0 - 
97) [ 3 14 25 15 13 12 25 17 0 1 10 26 20 19 23 0 11 16 18 27 8 24 21 23 0 5 9 7 4 24 2 6 -1 -1 -1 -1 -1 -1 ] [ 856 ] [ 0 0 ] # -0 # 0 - 
98) [ 16 2 7 26 6 15 18 27 0 1 9 26 17 27 3 24 20 27 0 5 8 14 25 13 10 12 25 0 21 19 11 22 4 -1 -1 -1 -1 -1 ] [ 867 ] [ 0 0 ] # -0 # 0 - 
99) [ 9 20 27 12 2 1 28 8 0 21 16 13 22 18 14 0 15 19 23 4 11 22 0 10 17 27 3 24 7 6 5 -1 -1 -1 -1 -1 -1 -1 ] [ 791 ] [ 0 0 ] # -0 # 0 - 
100) [ 17 5 26 3 13 22 9 0 11 4 24 21 23 1 28 18 0 12 19 14 25 2 28 15 0 10 16 6 26 20 27 7 8 -1 -1 -1 -1 -1 ] [ 992 ] [ 0 0 ] # -0 # 0 - 
101) [ 14 20 13 22 6 5 0 2 28 17 27 10 19 23 1 28 8 0 15 21 16 25 7 11 22 0 18 9 26 3 4 12 -1 -1 -1 -1 -1 -1 ] [ 868 ] [ 0 0 ] # -0 # 0 - 
102) [ 3 24 19 23 2 28 11 0 16 4 24 18 27 1 28 0 17 13 15 25 9 8 14 25 20 0 7 5 6 10 26 21 23 12 -1 -1 -1 -1 ] [ 958 ] [ 0 0 ] # -0 # 0 - 
103) [ 18 6 26 20 27 5 26 21 23 0 7 10 8 1 28 13 3 24 9 0 19 17 27 2 28 12 0 15 14 4 24 11 16 -1 -1 -1 -1 -1 ] [ 906 ] [ 0 0 ] # -0 # 0 - 
104) [ 4 14 25 9 6 5 26 0 16 3 10 26 21 20 27 0 8 13 22 1 7 2 28 17 15 25 0 11 19 23 12 18 -1 -1 -1 -1 -1 -1 ] [ 834 ] [ 0 0 ] # -0 # 0 - 
105) [ 4 3 24 17 27 9 26 20 0 19 12 10 26 1 8 0 16 6 2 28 14 7 26 13 0 21 15 25 11 18 27 5 -1 -1 -1 -1 -1 -1 ] [ 934 ] [ 0 0 ] # -0 # 0 - 
106) [ 14 19 8 24 5 17 27 0 7 6 9 26 4 10 26 20 27 0 2 28 15 25 3 24 21 23 12 13 0 11 16 25 1 28 18 -1 -1 -1 ] [ 993 ] [ 0 0 ] # -0 # 0 - 
107) [ 5 6 1 28 13 21 23 14 8 0 15 19 20 27 3 24 0 18 17 16 25 7 2 9 26 0 11 10 4 24 12 -1 -1 -1 -1 -1 -1 -1 ] [ 767 ] [ 0 0 ] # -0 # 0 - 
108) [ 17 4 24 6 3 13 22 21 0 11 10 15 25 7 8 14 25 1 28 18 27 0 5 2 28 19 23 9 26 0 20 16 12 -1 -1 -1 -1 -1 ] [ 911 ] [ 0 0 ] # -0 # 0 - 
109) [ 10 6 19 23 3 24 14 9 26 0 11 12 13 22 15 18 0 21 20 27 5 8 24 1 0 16 7 26 17 27 2 28 4 -1 -1 -1 -1 -1 ] [ 939 ] [ 0 0 ] # -0 # 0 - 
110) [ 19 23 1 28 16 0 5 8 6 26 13 7 26 11 0 18 10 26 21 23 3 24 12 2 28 14 0 15 17 20 27 4 24 9 -1 -1 -1 -1 ] [ 959 ] [ 0 0 ] # -0 # 0 - 
111) [ 1 2 28 15 18 27 5 26 0 20 7 26 17 12 14 25 6 0 10 4 13 22 11 21 23 9 0 16 3 8 24 19 -1 -1 -1 -1 -1 -1 ] [ 917 ] [ 0 0 ] # -0 # 0 - 
112) [ 17 10 26 20 27 7 4 24 0 5 14 25 1 6 26 18 27 11 0 2 28 13 21 23 15 9 12 25 0 19 8 24 3 16 -1 -1 -1 -1 ] [ 974 ] [ 0 0 ] # -0 # 0 - 
113) [ 5 26 21 19 23 9 0 7 17 27 13 12 25 3 24 0 15 16 6 26 2 14 25 11 0 20 10 26 4 8 1 28 18 -1 -1 -1 -1 -1 ] [ 959 ] [ 0 0 ] # -0 # 0 - 
114) [ 12 11 5 26 1 0 15 3 24 20 21 23 18 8 10 26 0 13 7 26 19 14 25 6 9 0 16 17 4 24 2 -1 -1 -1 -1 -1 -1 -1 ] [ 875 ] [ 0 0 ] # -0 # 0 - 
115) [ 9 11 22 1 28 19 23 6 26 0 20 15 16 25 10 0 4 24 21 23 8 12 14 25 18 7 26 0 17 13 3 24 5 2 -1 -1 -1 -1 ] [ 937 ] [ 0 0 ] # -0 # 0 - 
116) [ 6 2 28 19 23 5 26 0 15 17 14 21 23 16 9 0 1 8 11 22 4 3 24 18 27 0 10 13 7 26 12 20 -1 -1 -1 -1 -1 -1 ] [ 836 ] [ 0 0 ] # -0 # 0 - 
117) [ 14 17 10 8 24 21 23 3 24 9 15 25 6 0 18 12 11 22 5 0 7 1 4 24 19 0 20 13 22 2 28 16 -1 -1 -1 -1 -1 -1 ] [ 912 ] [ 0 0 ] # -0 # 0 - 
118) [ 10 17 16 25 2 3 24 9 0 7 8 24 19 14 25 20 0 5 4 24 15 13 22 0 11 21 23 6 12 25 1 28 18 -1 -1 -1 -1 -1 ] [ 968 ] [ 0 0 ] # -0 # 0 - 
119) [ 19 21 23 7 26 17 27 6 0 4 8 9 26 13 20 27 10 0 12 1 5 26 11 0 3 24 18 16 25 2 28 14 15 -1 -1 -1 -1 -1 ] [ 933 ] [ 0 0 ] # -0 # 0 - 
120) [ 17 21 23 4 24 14 8 24 19 23 0 7 10 1 28 3 11 9 26 18 0 16 2 28 20 27 6 0 12 15 13 22 5 -1 -1 -1 -1 -1 ] [ 942 ] [ 0 0 ] # -0 # 0 - 
121) [ 1 28 20 27 2 28 15 13 22 0 4 8 12 25 16 21 0 10 14 5 7 26 3 9 26 18 0 17 6 26 19 23 11 -1 -1 -1 -1 -1 ] [ 956 ] [ 0 0 ] # -0 # 0 - 
122) [ 5 26 20 27 10 4 24 0 18 27 1 28 13 12 25 17 6 26 0 16 3 24 14 9 7 26 11 0 21 19 23 2 28 8 15 -1 -1 -1 ] [ 957 ] [ 0 0 ] # -0 # 0 - 
123) [ 14 18 21 23 1 28 7 16 25 0 2 8 24 15 19 23 13 0 11 10 3 4 24 12 0 5 9 6 26 20 17 -1 -1 -1 -1 -1 -1 -1 ] [ 749 ] [ 0 0 ] # -0 # 0 - 
124) [ 6 10 4 24 2 14 16 25 0 19 18 27 11 7 26 0 12 8 5 26 20 27 9 0 1 28 17 15 25 21 13 22 3 -1 -1 -1 -1 -1 ] [ 893 ] [ 0 0 ] # -0 # 0 - 
125) [ 16 13 14 20 27 9 0 18 7 26 4 17 27 2 28 11 0 15 5 26 19 0 21 12 25 6 3 1 28 10 8 -1 -1 -1 -1 -1 -1 -1 ] [ 856 ] [ 0 0 ] # -0 # 0 - 
126) [ 4 3 14 25 19 17 0 18 21 23 11 7 26 16 0 5 6 26 20 27 10 0 13 9 8 24 15 25 2 1 28 12 -1 -1 -1 -1 -1 -1 ] [ 819 ] [ 0 0 ] # -0 # 0 - 
127) [ 9 11 14 25 1 6 26 20 0 18 10 7 26 3 5 8 24 21 23 0 13 2 28 19 23 4 24 0 12 15 17 16 -1 -1 -1 -1 -1 -1 ] [ 895 ] [ 0 0 ] # -0 # 0 - 
128) [ 14 19 16 17 0 12 7 4 24 21 23 6 2 28 0 13 11 10 9 26 20 0 15 1 28 8 3 24 18 27 5 -1 -1 -1 -1 -1 -1 -1 ] [ 841 ] [ 0 0 ] # -0 # 0 - 
129) [ 19 8 24 20 17 27 0 5 6 4 24 14 12 0 18 15 25 3 24 16 13 0 7 10 2 28 21 23 1 28 11 9 -1 -1 -1 -1 -1 -1 ] [ 894 ] [ 0 0 ] # -0 # 0 - 
130) [ 9 19 23 13 2 28 0 20 11 22 18 17 27 10 8 6 0 7 3 24 12 15 5 26 0 4 24 21 23 1 28 16 14 -1 -1 -1 -1 -1 ] [ 949 ] [ 0 0 ] # -0 # 0 - 
131) [ 14 7 12 10 26 13 11 22 0 21 15 25 8 19 23 20 0 16 9 4 3 24 2 0 1 6 26 17 27 5 26 18 -1 -1 -1 -1 -1 -1 ] [ 852 ] [ 0 0 ] # -0 # 0 - 
132) [ 8 20 27 2 1 28 11 18 27 0 12 5 4 24 9 10 0 14 16 17 7 26 15 6 26 0 19 21 23 3 24 13 -1 -1 -1 -1 -1 -1 ] [ 824 ] [ 0 0 ] # -0 # 0 - 
133) [ 12 1 28 21 23 9 11 22 18 0 7 20 27 14 17 15 25 3 0 10 5 26 19 23 0 4 8 2 28 6 13 16 -1 -1 -1 -1 -1 -1 ] [ 887 ] [ 0 0 ] # -0 # 0 - 
134) [ 11 3 24 18 16 25 6 0 5 13 22 19 0 7 17 27 1 28 21 23 14 2 28 12 0 9 20 27 15 4 24 10 8 -1 -1 -1 -1 -1 ] [ 998 ] [ 0 0 ] # -0 # 0 - 
135) [ 7 4 24 13 3 24 14 10 0 1 5 26 20 18 27 8 0 6 15 12 25 17 16 0 21 19 11 22 2 9 -1 -1 -1 -1 -1 -1 -1 -1 ] [ 803 ] [ 0 0 ] # -0 # 0 - 
136) [ 6 18 27 17 21 8 10 26 11 3 24 0 15 9 4 24 19 23 2 28 0 16 14 13 1 28 0 20 7 26 12 5 -1 -1 -1 -1 -1 -1 ] [ 903 ] [ 0 0 ] # -0 # 0 - 
137) [ 12 18 21 19 23 6 26 0 20 10 26 16 7 26 0 15 8 3 24 5 14 13 22 9 0 2 11 22 4 1 28 17 -1 -1 -1 -1 -1 -1 ] [ 872 ] [ 0 0 ] # -0 # 0 - 
138) [ 19 10 26 21 23 8 7 26 11 0 15 4 24 1 2 12 25 0 3 9 26 13 16 18 27 6 26 0 17 14 5 26 20 -1 -1 -1 -1 -1 ] [ 921 ] [ 0 0 ] # -0 # 0 - 
139) [ 13 15 19 23 8 24 18 0 17 5 26 12 4 24 0 14 10 21 23 1 28 7 16 0 11 20 27 2 28 3 6 9 -1 -1 -1 -1 -1 -1 ] [ 945 ] [ 0 0 ] # -0 # 0 - 
140) [ 16 13 5 6 26 0 3 24 19 23 1 2 28 10 0 17 20 27 4 24 18 0 12 21 15 25 14 8 9 11 22 7 -1 -1 -1 -1 -1 -1 ] [ 842 ] [ 0 0 ] # -0 # 0 - 
141) [ 20 7 26 19 23 9 0 12 2 5 26 4 0 21 11 22 1 28 14 10 26 17 15 25 0 13 3 6 8 24 18 16 -1 -1 -1 -1 -1 -1 ] [ 904 ] [ 0 0 ] # -0 # 0 - 
142) [ 9 3 8 24 11 19 21 23 0 14 2 28 18 27 7 26 17 16 25 0 6 4 5 26 20 0 15 12 13 10 26 1 -1 -1 -1 -1 -1 -1 ] [ 846 ] [ 0 0 ] # -0 # 0 - 
143) [ 12 16 21 23 10 13 22 0 15 19 23 7 2 28 9 14 0 11 3 24 17 27 6 26 20 27 0 4 5 26 18 27 1 28 8 -1 -1 -1 ] [ 925 ] [ 0 0 ] # -0 # 0 - 
144) [ 2 28 17 12 25 14 20 0 5 13 22 21 23 7 1 28 0 4 9 26 18 15 25 3 11 0 10 16 8 24 19 23 6 -1 -1 -1 -1 -1 ] [ 1005 ] [ 0 0 ] # -0 # 0 - 
145) [ 19 11 22 1 6 3 24 0 13 21 15 25 20 7 26 0 12 14 9 26 18 27 2 28 16 0 17 10 4 24 5 8 -1 -1 -1 -1 -1 -1 ] [ 858 ] [ 0 0 ] # -0 # 0 - 
146) [ 5 16 25 12 14 0 15 4 24 9 2 28 19 23 0 3 24 18 27 13 21 23 10 7 26 0 20 11 22 17 8 24 1 6 -1 -1 -1 -1 ] [ 933 ] [ 0 0 ] # -0 # 0 - 
147) [ 6 3 24 20 27 5 26 18 27 0 11 12 8 24 16 0 4 24 17 15 25 2 28 13 21 23 0 9 14 19 23 1 28 7 10 -1 -1 -1 ] [ 975 ] [ 0 0 ] # -0 # 0 - 
148) [ 21 16 20 27 9 3 24 0 5 26 19 17 27 6 0 4 12 25 8 7 11 22 0 13 15 25 1 28 14 18 27 2 28 10 -1 -1 -1 -1 ] [ 975 ] [ 0 0 ] # -0 # 0 - 
149) [ 11 12 5 26 4 0 14 17 18 20 27 7 8 24 2 0 15 1 28 3 10 13 22 21 0 16 6 26 19 23 9 -1 -1 -1 -1 -1 -1 -1 ] [ 835 ] [ 0 0 ] # -0 # 0 - 
150) [ 7 6 26 17 15 25 5 10 0 13 3 24 16 8 24 21 23 9 14 25 0 19 20 12 25 0 18 27 1 2 28 11 4 -1 -1 -1 -1 -1 ] [ 884 ] [ 0 0 ] # -0 # 0 - 
151) [ 18 6 26 21 23 8 9 26 20 27 7 10 0 16 4 24 15 17 27 0 11 1 2 28 3 14 12 25 0 13 5 26 19 -1 -1 -1 -1 -1 ] [ 918 ] [ 0 0 ] # -0 # 0 - 
152) [ 17 19 16 25 0 4 9 26 14 3 24 5 0 1 6 26 13 12 7 26 18 27 0 2 28 20 27 10 15 25 21 8 24 11 -1 -1 -1 -1 ] [ 944 ] [ 0 0 ] # -0 # 0 - 
153) [ 1 5 26 11 2 28 0 4 12 25 20 18 10 26 0 15 3 24 19 23 8 24 21 17 27 0 6 16 25 9 14 25 7 13 -1 -1 -1 -1 ] [ 985 ] [ 0 0 ] # -0 # 0 - 
154) [ 21 14 15 25 13 7 2 28 8 6 3 24 0 19 17 18 27 9 10 0 1 4 24 12 11 0 16 5 26 20 -1 -1 -1 -1 -1 -1 -1 -1 ] [ 763 ] [ 0 0 ] # -0 # 0 - 
155) [ 10 8 11 19 23 14 21 23 6 0 13 7 26 16 20 27 0 3 1 28 15 17 27 5 0 9 2 4 24 12 18 -1 -1 -1 -1 -1 -1 -1 ] [ 832 ] [ 0 0 ] # -0 # 0 - 
156) [ 8 1 28 13 15 25 6 16 0 12 2 9 26 20 27 3 24 21 23 0 10 18 27 4 24 17 27 7 11 22 0 5 26 19 14 -1 -1 -1 ] [ 1037 ] [ 0 0 ] # -0 # 0 - 
157) [ 16 8 2 28 3 17 27 18 0 21 12 25 13 6 26 15 9 10 26 14 0 11 4 7 26 19 23 0 1 28 20 27 5 -1 -1 -1 -1 -1 ] [ 906 ] [ 0 0 ] # -0 # 0 - 
158) [ 19 23 2 28 20 27 10 14 25 0 3 1 28 11 16 21 23 0 7 12 9 5 26 17 0 13 4 24 18 15 25 8 6 -1 -1 -1 -1 -1 ] [ 870 ] [ 0 0 ] # -0 # 0 - 
159) [ 19 10 26 20 27 7 14 25 0 5 26 21 16 25 6 9 0 4 8 1 28 18 27 13 15 25 0 2 28 17 27 3 11 22 12 -1 -1 -1 ] [ 1012 ] [ 0 0 ] # -0 # 0 - 
160) [ 20 27 3 8 24 15 9 26 14 7 26 21 23 0 10 11 4 24 18 27 13 0 12 5 2 1 6 26 0 19 17 16 -1 -1 -1 -1 -1 -1 ] [ 787 ] [ 0 0 ] # -0 # 0 - 
161) [ 15 1 28 7 14 10 26 17 12 25 0 3 5 26 21 23 2 28 4 0 6 19 23 13 8 11 22 0 18 9 26 16 20 -1 -1 -1 -1 -1 ] [ 947 ] [ 0 0 ] # -0 # 0 - 
162) [ 12 19 23 3 24 15 0 10 13 17 27 8 24 20 18 27 0 16 6 14 25 1 7 26 11 0 21 23 5 2 28 4 9 -1 -1 -1 -1 -1 ] [ 911 ] [ 0 0 ] # -0 # 0 - 
163) [ 14 6 7 26 16 18 27 13 8 0 9 4 24 19 23 1 28 0 21 23 2 28 11 20 27 3 24 0 15 5 10 26 17 12 -1 -1 -1 -1 ] [ 1005 ] [ 0 0 ] # -0 # 0 - 
164) [ 19 16 25 4 0 13 17 11 22 8 3 24 21 23 9 0 1 28 14 6 26 2 5 15 0 20 10 26 18 12 25 7 -1 -1 -1 -1 -1 -1 ] [ 935 ] [ 0 0 ] # -0 # 0 - 
165) [ 13 10 11 6 26 7 8 17 14 25 0 20 18 27 3 24 5 0 2 28 16 19 23 0 12 21 23 1 28 4 15 25 9 -1 -1 -1 -1 -1 ] [ 853 ] [ 0 0 ] # -0 # 0 - 
166) [ 6 7 26 19 23 3 24 17 14 0 18 11 22 15 5 26 0 16 10 4 24 20 0 12 1 2 28 21 23 8 13 22 9 -1 -1 -1 -1 -1 ] [ 956 ] [ 0 0 ] # -0 # 0 - 
167) [ 8 14 25 4 24 21 23 11 9 26 1 0 3 24 19 16 25 10 0 2 28 20 27 5 26 17 27 0 7 12 6 26 18 15 25 13 -1 -1 ] [ 1034 ] [ 0 0 ] # -0 # 0 - 
168) [ 10 12 17 27 2 28 14 9 26 3 7 26 0 16 5 1 28 0 4 24 19 13 22 0 15 18 6 26 20 27 8 24 21 23 11 -1 -1 -1 ] [ 989 ] [ 0 0 ] # -0 # 0 - 
169) [ 21 11 22 8 19 23 15 9 0 1 28 16 10 26 4 2 28 0 18 5 26 20 0 12 13 14 25 3 6 26 17 27 7 -1 -1 -1 -1 -1 ] [ 975 ] [ 0 0 ] # -0 # 0 - 
170) [ 13 19 16 0 15 5 26 20 27 9 0 4 1 2 28 10 8 6 7 14 25 0 21 12 25 3 11 22 17 18 -1 -1 -1 -1 -1 -1 -1 -1 ] [ 718 ] [ 0 0 ] # -0 # 0 - 
171) [ 11 18 27 1 28 15 25 2 6 3 24 0 8 17 27 4 24 9 16 25 7 0 10 5 26 19 0 12 14 20 13 22 21 -1 -1 -1 -1 -1 ] [ 977 ] [ 0 0 ] # -0 # 0 - 
172) [ 8 20 27 10 18 27 16 0 4 12 25 1 5 26 0 3 2 7 26 11 6 26 17 15 25 0 13 14 19 23 9 26 21 -1 -1 -1 -1 -1 ] [ 902 ] [ 0 0 ] # -0 # 0 - 
173) [ 6 10 9 26 21 23 12 16 0 7 11 22 20 27 5 26 0 17 13 19 23 1 28 8 0 15 2 28 18 27 4 3 24 14 -1 -1 -1 -1 ] [ 920 ] [ 0 0 ] # -0 # 0 - 
174) [ 18 16 25 5 2 28 0 14 17 15 6 26 12 11 10 26 0 4 24 21 23 3 24 9 20 27 0 1 8 24 19 23 7 26 13 -1 -1 -1 ] [ 965 ] [ 0 0 ] # -0 # 0 - 
175) [ 4 8 5 26 15 2 28 0 20 27 3 24 9 17 27 6 11 22 14 0 18 16 10 26 1 7 0 12 21 13 22 19 -1 -1 -1 -1 -1 -1 ] [ 877 ] [ 0 0 ] # -0 # 0 - 
176) [ 20 19 17 27 0 4 3 9 26 6 16 25 0 1 11 22 10 5 15 25 8 0 13 7 12 25 2 28 21 23 18 14 -1 -1 -1 -1 -1 -1 ] [ 814 ] [ 0 0 ] # -0 # 0 - 
177) [ 5 9 3 4 24 14 6 26 0 13 1 28 19 23 15 0 16 2 28 18 27 7 8 11 22 0 12 21 17 20 27 10 -1 -1 -1 -1 -1 -1 ] [ 826 ] [ 0 0 ] # -0 # 0 - 
178) [ 17 9 26 4 10 12 25 3 0 7 16 13 22 14 11 22 0 20 27 2 28 15 8 24 19 23 0 1 28 21 23 6 26 18 27 5 -1 -1 ] [ 1099 ] [ 0 0 ] # -0 # 0 - 
179) [ 17 8 24 18 27 11 3 24 9 1 28 0 15 16 6 26 5 0 12 13 20 27 7 2 28 0 10 4 14 25 21 19 -1 -1 -1 -1 -1 -1 ] [ 854 ] [ 0 0 ] # -0 # 0 - 
180) [ 20 27 2 28 15 25 4 10 26 0 19 8 24 18 17 27 3 24 9 0 21 11 22 13 16 0 5 14 25 1 7 26 12 6 -1 -1 -1 -1 ] [ 995 ] [ 0 0 ] # -0 # 0 - 
181) [ 20 15 25 11 13 22 2 28 0 18 19 23 7 10 0 5 8 1 28 21 17 27 3 24 0 9 6 4 24 14 12 16 -1 -1 -1 -1 -1 -1 ] [ 850 ] [ 0 0 ] # -0 # 0 - 
182) [ 15 19 23 2 28 4 0 11 18 27 5 10 26 3 0 16 6 12 25 13 21 23 8 0 1 28 14 7 26 20 17 27 9 -1 -1 -1 -1 -1 ] [ 998 ] [ 0 0 ] # -0 # 0 - 
183) [ 15 14 21 23 11 5 26 8 2 0 12 4 3 1 28 7 9 0 10 19 17 20 27 0 18 6 26 13 16 -1 -1 -1 -1 -1 -1 -1 -1 -1 ] [ 671 ] [ 0 0 ] # -0 # 0 - 
184) [ 10 12 4 24 1 3 24 0 19 18 27 8 13 22 2 28 0 20 21 14 17 27 11 7 26 0 6 5 15 25 9 16 -1 -1 -1 -1 -1 -1 ] [ 831 ] [ 0 0 ] # -0 # 0 - 
185) [ 17 14 5 26 19 23 8 0 16 18 27 1 28 4 0 21 12 25 2 7 26 3 13 22 0 9 10 6 11 22 20 15 -1 -1 -1 -1 -1 -1 ] [ 866 ] [ 0 0 ] # -0 # 0 - 
186) [ 12 9 2 28 16 8 24 1 28 0 21 11 22 14 18 10 26 7 13 0 4 24 19 23 6 26 15 0 5 26 20 27 3 24 17 -1 -1 -1 ] [ 989 ] [ 0 0 ] # -0 # 0 - 
187) [ 12 9 7 1 28 16 0 14 2 5 26 15 20 27 0 10 3 4 24 18 27 11 6 26 21 0 13 17 19 23 8 -1 -1 -1 -1 -1 -1 -1 ] [ 761 ] [ 0 0 ] # -0 # 0 - 
188) [ 20 27 3 11 22 7 2 8 24 0 1 28 19 23 6 26 18 15 0 12 10 16 17 21 23 0 9 4 24 14 5 26 13 -1 -1 -1 -1 -1 ] [ 890 ] [ 0 0 ] # -0 # 0 - 
189) [ 15 8 6 2 28 19 17 27 14 0 10 21 23 12 3 24 9 5 0 1 7 26 20 27 11 0 16 4 24 18 27 13 -1 -1 -1 -1 -1 -1 ] [ 865 ] [ 0 0 ] # -0 # 0 - 
190) [ 9 3 24 5 16 25 0 11 7 6 26 12 20 0 19 18 15 25 2 28 14 10 0 4 8 24 17 27 1 28 21 23 13 -1 -1 -1 -1 -1 ] [ 927 ] [ 0 0 ] # -0 # 0 - 
191) [ 17 14 5 26 12 8 1 28 0 18 7 9 26 15 21 23 13 0 20 10 26 3 6 16 25 0 4 2 28 19 23 11 -1 -1 -1 -1 -1 -1 ] [ 858 ] [ 0 0 ] # -0 # 0 - 
192) [ 3 5 26 11 21 23 14 0 1 7 26 18 20 27 13 0 6 2 8 24 9 4 24 15 10 26 17 0 16 12 19 -1 -1 -1 -1 -1 -1 -1 ] [ 824 ] [ 0 0 ] # -0 # 0 - 
193) [ 4 6 10 26 19 23 3 24 0 21 14 12 25 13 9 26 20 27 8 0 16 2 28 18 15 25 11 0 5 1 7 26 17 -1 -1 -1 -1 -1 ] [ 936 ] [ 0 0 ] # -0 # 0 - 
194) [ 16 7 10 12 25 2 28 0 20 18 27 6 26 17 13 22 0 15 1 28 3 8 14 25 11 4 0 5 26 21 19 23 9 -1 -1 -1 -1 -1 ] [ 896 ] [ 0 0 ] # -0 # 0 - 
195) [ 20 27 3 24 18 21 23 10 7 0 15 8 13 22 14 19 23 0 4 6 26 16 11 22 2 0 9 5 1 28 12 17 -1 -1 -1 -1 -1 -1 ] [ 871 ] [ 0 0 ] # -0 # 0 - 
196) [ 4 1 28 13 12 25 8 21 23 0 15 9 26 20 27 11 3 24 14 0 10 19 17 27 7 2 28 0 16 5 6 26 18 -1 -1 -1 -1 -1 ] [ 908 ] [ 0 0 ] # -0 # 0 - 
197) [ 12 11 13 16 0 18 5 26 19 23 6 0 7 9 4 24 20 21 23 14 0 1 3 24 2 10 8 24 15 17 -1 -1 -1 -1 -1 -1 -1 -1 ] [ 784 ] [ 0 0 ] # -0 # 0 - 
198) [ 19 11 22 7 4 24 0 18 17 27 1 28 15 13 0 16 14 8 6 10 12 25 2 28 0 20 21 23 5 9 26 3 -1 -1 -1 -1 -1 -1 ] [ 837 ] [ 0 0 ] # -0 # 0 - 
199) [ 12 8 18 27 17 14 4 24 2 28 0 19 16 13 22 0 6 1 5 9 26 21 23 7 0 11 3 24 15 10 26 20 -1 -1 -1 -1 -1 -1 ] [ 835 ] [ 0 0 ] # -0 # 0 - 
200) [ 17 16 21 18 27 12 0 14 10 9 2 5 26 1 28 0 20 11 22 4 13 0 19 15 25 6 7 3 24 8 -1 -1 -1 -1 -1 -1 -1 -1 ] [ 692 ] [ 0 0 ] # -0 # 0 - 