100
1) [ 9 7 26 8 13 19 0 16 18 26 20 27 15 26 0 14 5 28 2 1 23 21 17 25 0 11 10 12 25 4 3 28 6 -1 -1 -1 -1 -1 ] [ 761 ] [ 0 0 ] # -0 # 0 - 
2) [ 21 23 5 26 16 0 13 19 12 25 3 0 2 7 9 26 20 14 25 4 6 26 0 17 15 11 22 8 10 1 28 18 -1 -1 -1 -1 -1 -1 ] [ 880 ] [ 0 0 ] # -0 # 0 - 
3) [ 1 9 26 8 10 18 16 25 0 5 2 28 13 21 23 11 0 4 3 24 20 27 7 15 25 14 0 6 19 23 12 17 -1 -1 -1 -1 -1 -1 ] [ 829 ] [ 0 0 ] # -0 # 0 - 
4) [ 19 6 26 18 16 0 17 21 12 25 20 11 22 0 7 5 10 15 25 13 14 0 8 2 9 26 1 3 4 -1 -1 -1 -1 -1 -1 -1 -1 -1 ] [ 694 ] [ 0 0 ] # -0 # 0 - 
5) [ 21 23 2 28 13 16 15 25 0 7 1 28 14 18 27 5 10 26 0 20 27 4 6 26 17 11 22 0 3 12 25 8 19 23 9 -1 -1 -1 ] [ 1015 ] [ 0 0 ] # -0 # 0 - 
6) [ 20 8 24 1 2 16 0 4 10 26 19 23 6 7 26 14 0 13 21 17 27 5 26 18 0 15 9 3 24 11 12 -1 -1 -1 -1 -1 -1 -1 ] [ 843 ] [ 0 0 ] # -0 # 0 - 
7) [ 16 5 3 24 0 12 14 17 27 2 28 13 15 25 0 7 1 28 19 23 9 6 26 21 23 0 10 4 24 20 18 27 11 8 -1 -1 -1 -1 ] [ 920 ] [ 0 0 ] # -0 # 0 - 
8) [ 16 5 7 26 18 27 0 6 9 8 24 14 19 20 27 0 10 17 27 3 4 24 12 2 28 0 15 13 22 1 11 22 21 -1 -1 -1 -1 -1 ] [ 876 ] [ 0 0 ] # -0 # 0 - 
9) [ 12 11 19 23 10 6 0 8 5 26 20 27 9 15 25 0 2 28 17 27 3 24 13 4 24 7 0 1 28 21 23 18 16 14 -1 -1 -1 -1 ] [ 946 ] [ 0 0 ] # -0 # 0 - 
10) [ 20 19 23 3 24 18 27 0 5 2 28 14 25 1 10 26 0 12 21 23 4 24 13 11 8 24 0 16 6 26 17 15 25 7 9 -1 -1 -1 ] [ 935 ] [ 0 0 ] # -0 # 0 - 
11) [ 11 10 6 28 13 23 19 26 0 4 3 24 2 27 17 24 12 23 21 0 15 5 26 18 27 1 28 0 14 16 8 26 20 27 9 7 -1 -1 ] [ 1019 ] [ 0 0 ] # -0 # 0 - 
12) [ 10 18 17 27 13 5 26 0 1 28 19 23 6 4 24 0 12 20 15 25 3 11 22 0 9 8 14 25 2 28 21 23 7 26 16 -1 -1 -1 ] [ 984 ] [ 0 0 ] # -0 # 0 - 
13) [ 13 5 26 20 14 25 0 1 6 26 18 21 19 23 0 9 2 10 26 7 12 17 15 25 0 16 4 8 11 22 3 -1 -1 -1 -1 -1 -1 -1 ] [ 741 ] [ 0 0 ] # -0 # 0 - 
14) [ 17 8 7 26 21 23 12 16 0 15 11 22 5 4 24 0 10 1 6 3 24 19 0 13 2 28 18 27 9 26 20 14 -1 -1 -1 -1 -1 -1 ] [ 902 ] [ 0 0 ] # -0 # 0 - 
15) [ 15 1 28 18 21 23 11 2 28 0 12 9 19 23 13 0 3 5 26 14 10 8 24 20 0 17 6 26 16 4 24 7 -1 -1 -1 -1 -1 -1 ] [ 956 ] [ 0 0 ] # -0 # 0 - 
16) [ 1 28 15 5 26 4 6 0 13 19 23 2 28 8 18 27 0 10 20 27 3 24 21 23 12 0 17 16 7 9 26 11 14 -1 -1 -1 -1 -1 ] [ 898 ] [ 0 0 ] # -0 # 0 - 
17) [ 11 8 3 28 13 23 19 26 0 12 9 24 17 27 18 24 4 23 21 0 2 5 26 15 27 1 28 0 16 14 7 26 20 27 10 6 -1 -1 ] [ 1026 ] [ 0 0 ] # -0 # 0 - 
18) [ 18 6 26 12 10 2 28 11 7 26 0 16 5 26 20 0 15 3 24 9 21 23 1 28 8 17 0 13 19 14 25 4 -1 -1 -1 -1 -1 -1 ] [ 956 ] [ 0 0 ] # -0 # 0 - 
19) [ 9 6 1 28 18 27 8 3 24 16 25 0 2 5 7 26 21 23 4 24 14 0 20 12 10 26 17 0 19 11 22 15 13 -1 -1 -1 -1 -1 ] [ 890 ] [ 0 0 ] # -0 # 0 - 
20) [ 13 6 12 25 3 24 20 0 19 8 24 5 10 0 15 1 28 14 11 22 7 4 24 0 21 16 18 27 9 2 28 17 -1 -1 -1 -1 -1 -1 ] [ 950 ] [ 0 0 ] # -0 # 0 - 
21) [ 15 10 13 14 25 3 8 24 18 27 7 0 5 12 25 21 23 4 24 0 16 19 11 22 0 1 28 20 27 2 28 17 27 9 6 -1 -1 -1 ] [ 1037 ] [ 0 0 ] # -0 # 0 - 
22) [ 9 10 16 25 7 14 25 1 28 0 21 12 25 6 8 24 20 27 2 28 3 0 13 11 5 26 18 27 0 4 24 17 15 25 19 -1 -1 -1 ] [ 996 ] [ 0 0 ] # -0 # 0 - 
23) [ 17 18 27 1 28 11 13 14 25 0 6 9 26 19 16 25 0 5 26 20 27 2 28 3 0 7 8 12 25 4 24 15 21 23 10 -1 -1 -1 ] [ 940 ] [ 0 0 ] # -0 # 0 - 
24) [ 18 16 25 3 24 15 11 22 0 17 4 24 2 13 22 1 28 14 0 9 19 23 12 7 26 21 23 0 10 5 6 8 24 20 -1 -1 -1 -1 ] [ 965 ] [ 0 0 ] # -0 # 0 - 
25) [ 12 10 9 14 25 11 16 0 8 3 24 17 21 23 7 6 26 20 0 15 1 28 13 19 23 0 5 2 4 24 18 -1 -1 -1 -1 -1 -1 -1 ] [ 833 ] [ 0 0 ] # -0 # 0 - 
26) [ 8 10 4 3 24 19 23 9 0 14 18 6 26 1 7 11 22 15 0 21 23 5 26 17 20 0 12 16 13 22 2 -1 -1 -1 -1 -1 -1 -1 ] [ 817 ] [ 0 0 ] # -0 # 0 - 
27) [ 17 19 14 12 25 18 0 7 2 10 26 1 15 25 6 26 21 0 13 8 11 3 24 16 0 20 27 4 24 5 9 -1 -1 -1 -1 -1 -1 -1 ] [ 783 ] [ 0 0 ] # -0 # 0 - 
28) [ 8 3 2 5 26 11 21 23 0 15 4 24 17 18 20 27 0 9 1 28 19 23 6 12 25 0 13 10 16 25 7 14 -1 -1 -1 -1 -1 -1 ] [ 828 ] [ 0 0 ] # -0 # 0 - 
29) [ 21 19 20 27 7 0 4 6 11 22 15 16 0 13 10 3 24 17 12 25 0 1 9 26 8 18 27 5 2 28 14 -1 -1 -1 -1 -1 -1 -1 ] [ 801 ] [ 0 0 ] # -0 # 0 - 
30) [ 4 14 25 9 13 11 22 15 6 26 0 12 21 16 25 3 24 17 27 0 5 8 24 19 0 20 7 26 10 2 1 28 18 -1 -1 -1 -1 -1 ] [ 949 ] [ 0 0 ] # -0 # 0 - 
31) [ 1 11 22 15 19 23 0 6 17 27 12 14 10 26 20 0 21 16 25 4 13 22 0 5 9 7 26 18 27 3 8 24 2 -1 -1 -1 -1 -1 ] [ 947 ] [ 0 0 ] # -0 # 0 - 
32) [ 7 16 25 6 26 20 27 3 24 0 15 11 22 2 5 8 24 9 0 4 24 19 21 17 27 0 10 13 18 27 1 28 14 12 -1 -1 -1 -1 ] [ 944 ] [ 0 0 ] # -0 # 0 - 
33) [ 16 8 3 24 15 18 27 7 6 26 0 17 9 10 26 21 19 23 0 5 1 28 12 4 24 0 11 20 27 2 28 13 14 -1 -1 -1 -1 -1 ] [ 880 ] [ 0 0 ] # -0 # 0 - 
34) [ 16 4 24 12 7 0 1 6 3 24 11 9 26 20 27 0 2 28 18 21 23 14 5 26 13 0 10 15 17 19 23 8 -1 -1 -1 -1 -1 -1 ] [ 859 ] [ 0 0 ] # -0 # 0 - 
35) [ 4 24 18 21 23 3 24 13 9 26 14 0 1 5 26 20 17 0 15 8 12 25 10 2 28 16 0 11 6 7 26 19 -1 -1 -1 -1 -1 -1 ] [ 897 ] [ 0 0 ] # -0 # 0 - 
36) [ 20 21 18 27 19 0 12 8 1 6 26 3 16 25 0 2 11 22 13 7 14 25 4 0 10 5 15 25 9 17 -1 -1 -1 -1 -1 -1 -1 -1 ] [ 801 ] [ 0 0 ] # -0 # 0 - 
37) [ 8 3 24 17 12 25 9 2 4 24 0 20 18 15 16 25 0 21 14 13 22 10 5 7 26 0 19 23 1 28 11 6 -1 -1 -1 -1 -1 -1 ] [ 760 ] [ 0 0 ] # -0 # 0 - 
38) [ 10 18 27 5 26 16 0 19 21 20 27 2 28 0 12 4 24 15 8 24 11 7 0 3 9 26 17 27 6 1 28 13 14 -1 -1 -1 -1 -1 ] [ 928 ] [ 0 0 ] # -0 # 0 - 
39) [ 21 23 3 24 9 8 6 1 28 10 11 0 4 14 25 17 18 5 26 0 13 12 16 25 2 28 0 20 15 7 26 19 -1 -1 -1 -1 -1 -1 ] [ 853 ] [ 0 0 ] # -0 # 0 - 
40) [ 6 8 11 3 24 15 17 14 25 10 0 13 19 12 25 21 23 0 4 1 2 28 20 18 27 0 7 5 9 16 -1 -1 -1 -1 -1 -1 -1 -1 ] [ 674 ] [ 0 0 ] # -0 # 0 - 
41) [ 15 7 14 25 21 19 10 26 0 2 5 26 16 18 27 0 9 17 27 11 13 22 20 27 0 4 6 3 24 1 8 12 -1 -1 -1 -1 -1 -1 ] [ 811 ] [ 0 0 ] # -0 # 0 - 
42) [ 11 21 23 15 2 28 18 14 25 10 8 0 4 24 19 23 3 24 12 0 13 5 6 26 20 27 0 9 7 17 27 1 28 16 -1 -1 -1 -1 ] [ 977 ] [ 0 0 ] # -0 # 0 - 
43) [ 11 5 26 16 0 7 13 22 8 2 3 24 9 17 27 10 0 21 15 14 25 1 6 26 19 23 0 4 12 25 18 20 -1 -1 -1 -1 -1 -1 ] [ 862 ] [ 0 0 ] # -0 # 0 - 
44) [ 12 21 16 25 7 10 9 26 0 19 6 26 1 2 13 22 0 14 17 4 24 15 5 26 0 11 3 24 18 27 8 24 20 -1 -1 -1 -1 -1 ] [ 913 ] [ 0 0 ] # -0 # 0 - 
45) [ 7 18 27 19 4 24 0 17 14 20 27 11 1 28 6 0 13 15 21 23 8 5 26 3 0 2 28 16 9 26 12 10 -1 -1 -1 -1 -1 -1 ] [ 891 ] [ 0 0 ] # -0 # 0 - 
46) [ 17 5 26 21 20 27 0 11 9 1 28 19 23 2 28 0 15 16 8 6 26 13 10 0 12 18 7 26 3 14 25 4 -1 -1 -1 -1 -1 -1 ] [ 936 ] [ 0 0 ] # -0 # 0 - 
47) [ 5 26 20 21 23 11 0 1 28 14 25 2 6 26 13 16 25 0 3 9 26 12 10 19 23 8 0 15 17 18 27 4 24 7 -1 -1 -1 -1 ] [ 927 ] [ 0 0 ] # -0 # 0 - 
48) [ 15 10 1 28 4 8 3 24 14 0 11 16 17 27 2 28 18 0 19 12 25 6 26 20 27 0 9 13 22 5 26 21 23 7 -1 -1 -1 -1 ] [ 961 ] [ 0 0 ] # -0 # 0 - 
49) [ 7 11 22 20 18 21 23 0 1 28 15 12 8 24 4 17 27 0 6 9 14 25 5 10 3 24 13 0 19 23 2 28 16 -1 -1 -1 -1 -1 ] [ 878 ] [ 0 0 ] # -0 # 0 - 
50) [ 17 10 3 24 6 16 7 26 0 1 2 28 20 27 9 4 24 0 21 19 23 5 26 0 13 8 12 25 11 18 27 14 15 -1 -1 -1 -1 -1 ] [ 884 ] [ 0 0 ] # -0 # 0 - 
51) [ 4 7 26 20 12 25 6 0 2 5 26 13 18 27 8 0 11 21 23 14 1 28 15 10 26 17 27 0 3 24 19 16 25 9 -1 -1 -1 -1 ] [ 1028 ] [ 0 0 ] # -0 # 0 - 
52) [ 3 1 28 17 27 11 22 20 0 9 12 19 23 7 8 6 26 0 4 24 21 23 15 13 22 2 28 14 0 18 5 26 16 10 -1 -1 -1 -1 ] [ 984 ] [ 0 0 ] # -0 # 0 - 
53) [ 16 13 6 26 20 27 0 3 1 28 21 23 7 2 28 14 9 26 0 4 5 26 19 23 0 11 15 17 27 12 8 24 18 27 10 -1 -1 -1 ] [ 996 ] [ 0 0 ] # -0 # 0 - 
54) [ 9 5 26 20 27 8 24 18 14 0 12 3 6 10 26 17 27 4 24 0 13 1 28 16 11 22 0 19 23 2 28 21 23 15 7 -1 -1 -1 ] [ 1019 ] [ 0 0 ] # -0 # 0 - 
55) [ 5 26 20 27 3 24 17 27 0 6 4 8 11 22 16 0 18 10 7 26 13 12 15 25 0 9 19 23 2 1 28 21 23 14 -1 -1 -1 -1 ] [ 892 ] [ 0 0 ] # -0 # 0 - 
56) [ 4 24 19 23 10 17 27 6 0 16 15 8 11 22 2 28 21 23 0 9 13 22 20 12 25 18 0 7 3 24 14 5 26 1 -1 -1 -1 -1 ] [ 1009 ] [ 0 0 ] # -0 # 0 - 
57) [ 10 21 23 5 9 26 13 0 16 2 28 11 15 25 3 24 14 0 6 20 27 12 1 28 18 27 0 4 8 24 17 27 7 26 19 -1 -1 -1 ] [ 1058 ] [ 0 0 ] # -0 # 0 - 
58) [ 1 8 24 2 3 24 20 27 7 26 21 0 14 10 9 16 25 19 0 6 5 15 25 17 13 0 4 11 22 18 12 -1 -1 -1 -1 -1 -1 -1 ] [ 844 ] [ 0 0 ] # -0 # 0 - 
59) [ 15 21 19 14 25 12 0 6 7 11 22 17 16 0 10 4 2 28 18 27 8 24 20 27 0 5 13 22 1 9 26 3 -1 -1 -1 -1 -1 -1 ] [ 836 ] [ 0 0 ] # -0 # 0 - 
60) [ 10 12 21 20 27 1 28 8 0 9 4 6 26 7 15 11 22 3 0 5 26 19 17 27 0 2 28 18 16 25 13 14 -1 -1 -1 -1 -1 -1 ] [ 841 ] [ 0 0 ] # -0 # 0 - 
61) [ 5 3 24 17 27 4 24 0 20 7 26 8 13 21 23 1 28 0 10 2 28 14 12 6 26 11 15 0 18 9 26 19 16 -1 -1 -1 -1 -1 ] [ 977 ] [ 0 0 ] # -0 # 0 - 
62) [ 21 23 4 24 9 16 25 6 10 0 7 20 27 1 28 11 18 27 0 14 15 13 22 2 28 19 23 0 3 12 25 8 5 26 17 -1 -1 -1 ] [ 1031 ] [ 0 0 ] # -0 # 0 - 
63) [ 18 17 27 5 10 26 21 23 2 28 0 19 11 22 9 13 14 25 8 0 1 3 24 7 4 24 20 0 16 15 6 26 12 -1 -1 -1 -1 -1 ] [ 941 ] [ 0 0 ] # -0 # 0 - 
64) [ 11 1 28 14 18 27 8 5 26 0 19 20 27 6 12 25 0 2 4 24 10 13 17 21 23 0 15 16 9 26 3 7 -1 -1 -1 -1 -1 -1 ] [ 831 ] [ 0 0 ] # -0 # 0 - 
65) [ 16 1 28 13 3 24 14 0 15 18 12 17 27 8 11 0 4 7 9 26 6 19 0 20 27 2 5 26 10 21 -1 -1 -1 -1 -1 -1 -1 -1 ] [ 827 ] [ 0 0 ] # -0 # 0 - 
66) [ 8 13 12 14 25 5 0 11 3 1 28 20 21 23 0 4 24 18 27 2 28 15 16 0 17 7 6 26 19 23 9 10 -1 -1 -1 -1 -1 -1 ] [ 909 ] [ 0 0 ] # -0 # 0 - 
67) [ 3 1 28 14 10 26 21 23 12 2 28 0 13 20 18 27 9 4 24 8 0 6 7 5 26 19 0 15 17 11 22 16 -1 -1 -1 -1 -1 -1 ] [ 837 ] [ 0 0 ] # -0 # 0 - 
68) [ 18 12 6 26 3 5 26 14 0 20 8 24 19 13 22 0 11 17 27 10 1 2 28 21 23 0 7 4 24 16 9 26 15 -1 -1 -1 -1 -1 ] [ 915 ] [ 0 0 ] # -0 # 0 - 
69) [ 2 8 10 26 4 9 26 16 0 3 14 25 11 15 25 19 0 20 18 13 22 12 21 23 0 1 5 7 6 26 17 -1 -1 -1 -1 -1 -1 -1 ] [ 835 ] [ 0 0 ] # -0 # 0 - 
70) [ 14 2 28 17 27 4 24 16 0 5 11 22 9 18 27 12 0 3 13 22 8 6 7 26 19 0 21 23 1 28 15 20 27 10 -1 -1 -1 -1 ] [ 974 ] [ 0 0 ] # -0 # 0 - 
71) [ 2 10 26 14 5 26 3 4 24 0 21 20 27 11 7 26 8 15 0 19 13 17 27 18 0 12 16 9 6 26 1 -1 -1 -1 -1 -1 -1 -1 ] [ 764 ] [ 0 0 ] # -0 # 0 - 
72) [ 10 11 2 28 19 23 6 26 0 15 3 24 18 27 4 24 21 23 12 0 13 5 26 17 27 1 28 0 16 14 7 26 20 27 9 8 -1 -1 ] [ 1084 ] [ 0 0 ] # -0 # 0 - 
73) [ 12 14 19 23 3 24 17 27 8 24 0 20 27 4 6 26 15 13 22 0 5 26 21 23 10 7 2 1 28 0 9 18 27 11 16 -1 -1 -1 ] [ 947 ] [ 0 0 ] # -0 # 0 - 
74) [ 18 21 23 1 28 12 10 4 24 0 13 14 20 16 25 0 5 2 28 15 25 3 24 17 27 6 8 0 11 9 7 26 19 -1 -1 -1 -1 -1 ] [ 874 ] [ 0 0 ] # -0 # 0 - 
75) [ 6 7 16 25 4 2 28 9 0 20 12 25 19 0 17 11 3 24 18 15 25 21 8 24 0 5 14 25 1 10 26 13 -1 -1 -1 -1 -1 -1 ] [ 926 ] [ 0 0 ] # -0 # 0 - 
76) [ 21 23 1 28 16 13 22 6 0 4 10 26 18 19 23 0 7 2 11 22 3 12 25 8 15 0 17 9 5 26 20 14 -1 -1 -1 -1 -1 -1 ] [ 913 ] [ 0 0 ] # -0 # 0 - 
77) [ 13 19 23 6 26 15 21 23 0 5 11 22 12 10 0 16 2 1 28 17 27 8 3 24 0 20 9 26 14 18 27 4 24 7 -1 -1 -1 -1 ] [ 931 ] [ 0 0 ] # -0 # 0 - 
78) [ 8 10 21 23 3 24 19 14 25 0 5 4 24 20 27 9 0 7 17 27 1 28 18 27 2 28 11 0 16 15 6 26 13 12 -1 -1 -1 -1 ] [ 1037 ] [ 0 0 ] # -0 # 0 - 
79) [ 16 8 1 28 10 5 0 3 24 21 23 6 12 25 11 4 24 0 20 18 27 2 28 14 15 25 13 0 17 9 7 26 19 -1 -1 -1 -1 -1 ] [ 905 ] [ 0 0 ] # -0 # 0 - 
80) [ 8 7 3 24 10 21 23 5 26 15 0 2 28 17 14 25 19 12 25 0 1 28 18 27 4 24 16 0 11 20 27 9 13 22 6 -1 -1 -1 ] [ 1019 ] [ 0 0 ] # -0 # 0 - 
81) [ 20 18 21 23 1 28 8 17 27 0 4 7 5 26 13 0 16 19 11 22 0 15 9 3 24 10 12 14 6 26 2 -1 -1 -1 -1 -1 -1 -1 ] [ 765 ] [ 0 0 ] # -0 # 0 - 
82) [ 16 7 26 19 14 25 0 21 13 22 4 17 27 2 28 8 0 5 6 26 20 27 10 15 0 12 3 24 18 27 9 11 22 1 -1 -1 -1 -1 ] [ 992 ] [ 0 0 ] # -0 # 0 - 
83) [ 12 21 18 20 27 17 8 0 6 13 22 1 5 2 28 0 11 7 10 26 19 23 9 0 16 15 14 25 3 4 -1 -1 -1 -1 -1 -1 -1 -1 ] [ 762 ] [ 0 0 ] # -0 # 0 - 
84) [ 10 12 11 6 26 16 0 2 9 26 17 27 1 28 20 27 0 4 7 5 26 18 21 23 0 14 8 3 24 15 19 23 13 -1 -1 -1 -1 -1 ] [ 879 ] [ 0 0 ] # -0 # 0 - 
85) [ 6 18 27 21 12 14 25 2 28 13 8 24 0 19 17 27 3 4 24 0 9 15 16 25 10 1 7 26 0 20 11 22 5 -1 -1 -1 -1 -1 ] [ 901 ] [ 0 0 ] # -0 # 0 - 
86) [ 16 19 11 22 0 14 2 6 26 15 18 27 3 8 24 21 17 27 0 13 1 28 12 20 27 0 10 9 4 24 7 5 -1 -1 -1 -1 -1 -1 ] [ 794 ] [ 0 0 ] # -0 # 0 - 
87) [ 7 3 6 26 14 21 16 25 15 0 5 11 22 17 8 24 4 0 10 18 27 13 19 23 2 28 0 20 9 26 1 12 -1 -1 -1 -1 -1 -1 ] [ 881 ] [ 0 0 ] # -0 # 0 - 
88) [ 7 18 27 14 10 2 28 19 23 0 6 12 25 4 8 24 15 25 1 28 21 23 0 9 5 26 20 27 3 24 0 13 11 17 16 -1 -1 -1 ] [ 991 ] [ 0 0 ] # -0 # 0 - 
89) [ 7 16 25 3 24 14 4 24 0 15 12 2 28 20 27 9 10 0 13 19 17 27 11 0 6 8 1 28 18 27 5 26 21 -1 -1 -1 -1 -1 ] [ 967 ] [ 0 0 ] # -0 # 0 - 
90) [ 4 9 26 8 13 19 0 18 5 26 20 27 6 26 0 15 2 28 16 21 23 11 14 25 0 7 10 12 25 3 1 28 17 -1 -1 -1 -1 -1 ] [ 928 ] [ 0 0 ] # -0 # 0 - 
91) [ 6 13 22 9 5 4 24 14 0 8 16 19 23 1 28 0 15 18 27 2 7 26 3 11 22 0 20 10 26 21 23 12 17 -1 -1 -1 -1 -1 ] [ 888 ] [ 0 0 ] # -0 # 0 - 
92) [ 5 16 25 2 6 26 0 19 11 22 21 23 1 28 0 17 3 24 20 27 8 13 22 18 0 15 12 9 14 25 4 7 26 10 -1 -1 -1 -1 ] [ 1001 ] [ 0 0 ] # -0 # 0 - 
93) [ 16 10 13 14 25 4 0 5 3 24 15 6 26 12 0 18 17 27 1 28 8 9 20 27 0 2 28 21 23 11 19 23 7 -1 -1 -1 -1 -1 ] [ 976 ] [ 0 0 ] # -0 # 0 - 
94) [ 4 1 3 24 5 0 11 14 6 26 19 17 27 0 7 18 27 13 10 16 25 0 21 23 2 28 8 20 27 9 15 12 -1 -1 -1 -1 -1 -1 ] [ 877 ] [ 0 0 ] # -0 # 0 - 
95) [ 13 15 18 27 4 24 12 0 2 28 17 14 25 7 3 24 5 8 0 11 21 19 23 6 10 0 16 20 9 26 1 -1 -1 -1 -1 -1 -1 -1 ] [ 842 ] [ 0 0 ] # -0 # 0 - 
96) [ 19 12 25 3 24 18 14 25 0 20 8 24 15 17 27 1 28 21 23 0 11 13 9 26 16 10 0 6 7 4 24 5 2 -1 -1 -1 -1 -1 ] [ 968 ] [ 0 0 ] # -0 # 0 - 
97) [ 3 14 25 15 13 12 25 17 0 1 10 26 20 19 23 0 11 16 18 27 8 24 21 23 0 5 9 7 4 24 2 6 -1 -1 -1 -1 -1 -1 ] [ 856 ] [ 0 0 ] # -0 # 0 - 
98) [ 16 2 7 26 6 15 18 27 0 1 9 26 17 27 3 24 20 27 0 5 8 14 25 13 10 12 25 0 21 19 11 22 4 -1 -1 -1 -1 -1 ] [ 867 ] [ 0 0 ] # -0 # 0 - 
99) [ 9 20 27 12 2 1 28 8 0 21 16 13 22 18 14 0 15 19 23 4 11 22 0 10 17 27 3 24 7 6 5 -1 -1 -1 -1 -1 -1 -1 ] [ 791 ] [ 0 0 ] # -0 # 0 - 
100) [ 17 5 26 3 13 22 9 0 11 4 24 21 23 1 28 18 0 12 19 14 25 2 28 15 0 10 16 6 26 20 27 7 8 -1 -1 -1 -1 -1 ] [ 992 ] [ 0 0 ] # -0 # 0 - 