======================================================================
#Problem miCEVRP
#NAME E-N29-K4-S7.EVRP
#TYPE EVRP 
#OPTIMAL 383
#VEHICLES 4 
#DIMENSION 29 
#NUM-STATIONS 7 
#CAPACITY 6000 
#ENERGY_CAPACITY 99 
#CONSUMPTION_RATE 1.00 
#EDGE_WEIGHT_TYPE EUC_2D
#COORDS
145 215 
151 264 
159 261 
130 254 
128 252 
163 247 
146 246 
161 242 
142 239 
163 236 
148 232 
128 231 
156 217 
129 214 
146 208 
164 208 
141 206 
147 193 
164 193 
129 189 
155 185 
139 182 
130 225 
136 189 
136 248 
152 208 
153 242 
154 189 
154 254 
#DEMANDS
0 1100 700 800 1400 2100 400 800 100 500 600 1200 1300 1300 300 900 2100 1000 900 2500 1800 700
#STATIONS 
23 24 25 26 27 28 29  
#DEPOT
0

======================================================================
